# Executive Summary

| Measure | Value |
| --- | --- |
| Dataset Name | Botswana - Total number - totalnumber - Total (1).xlsx |
| Rows | 34 |
| Columns | 35 |
| Date Range | Not detected |
| Detected Frequency | Not detected |
| Missing Values | 213 |
| Duplicate Rows | 4 |
| Duplicate Dates | 0 |
| Outliers Detected | 109 |
| Numeric Columns | 33 |
| Categorical Columns | 2 |
| Memory Usage | 12.51 KB |

## Dataset Overview

| Measure | Value |
| --- | --- |
| Rows | 34 |
| Columns | 35 |
| Memory Usage | 12.51 KB |
| Shape | 34 rows x 35 columns |
| Column Count | 35 |
| Numeric Columns | Unnamed: 2, Unnamed: 3, Unnamed: 4, Unnamed: 5, Unnamed: 6, Unnamed: 7, Unnamed: 8, Unnamed: 9, Unnamed: 10, Unnamed: 11, Unnamed: 12, Unnamed: 13, Unnamed: 14, Unnamed: 15, Unnamed: 16, Unnamed: 17, Unnamed: 18, Unnamed: 19, Unnamed: 20, Unnamed: 21, Unnamed: 22, Unnamed: 23, Unnamed: 24, Unnamed: 25, Unnamed: 26, Unnamed: 27, Unnamed: 28, Unnamed: 29, Unnamed: 30, Unnamed: 31, Unnamed: 32, Unnamed: 33, Unnamed: 34 |
| Numeric Column Count | 33 |
| Categorical Columns | Unnamed: 0, Unnamed: 1 |
| Categorical Column Count | 2 |
| Datetime Columns | None |
| Datetime Column Count | 0 |

## Column Profile

| Column | Data Type | Memory Usage | Missing Count | Missing % | Unique Values | Example Value |
| --- | --- | --- | --- | --- | --- | --- |
| Unnamed: 0 | str | 1.74 KB | 5 | 14.71 | 12 | Indicator |
| Unnamed: 1 | str | 1.87 KB | 5 | 14.71 | 6 | Units |
| Unnamed: 2 | float64 | 272 B | 5 | 14.71 | 27 | 1979 |
| Unnamed: 3 | float64 | 272 B | 5 | 14.71 | 28 | 1980 |
| Unnamed: 4 | float64 | 272 B | 5 | 14.71 | 27 | 1981 |
| Unnamed: 5 | float64 | 272 B | 5 | 14.71 | 26 | 1982 |
| Unnamed: 6 | float64 | 272 B | 8 | 23.53 | 24 | 1983 |
| Unnamed: 7 | float64 | 272 B | 8 | 23.53 | 26 | 1984 |
| Unnamed: 8 | float64 | 272 B | 6 | 17.65 | 26 | 1985 |
| Unnamed: 9 | float64 | 272 B | 7 | 20.59 | 26 | 1986 |
| Unnamed: 10 | float64 | 272 B | 7 | 20.59 | 25 | 1987 |
| Unnamed: 11 | float64 | 272 B | 7 | 20.59 | 25 | 1988 |
| Unnamed: 12 | float64 | 272 B | 6 | 17.65 | 26 | 1989 |
| Unnamed: 13 | float64 | 272 B | 6 | 17.65 | 26 | 1990 |
| Unnamed: 14 | float64 | 272 B | 5 | 14.71 | 28 | 1993 |
| Unnamed: 15 | float64 | 272 B | 6 | 17.65 | 29 | 1995 |
| Unnamed: 16 | float64 | 272 B | 7 | 20.59 | 28 | 1996 |
| Unnamed: 17 | float64 | 272 B | 5 | 14.71 | 29 | 1997 |
| Unnamed: 18 | float64 | 272 B | 7 | 20.59 | 25 | 1998 |
| Unnamed: 19 | float64 | 272 B | 7 | 20.59 | 28 | 1999 |
| Unnamed: 20 | float64 | 272 B | 5 | 14.71 | 29 | 2000 |
| Unnamed: 21 | float64 | 272 B | 5 | 14.71 | 27 | 2001 |
| Unnamed: 22 | float64 | 272 B | 9 | 26.47 | 26 | 2002 |
| Unnamed: 23 | float64 | 272 B | 9 | 26.47 | 25 | 2003 |
| Unnamed: 24 | float64 | 272 B | 9 | 26.47 | 25 | 2004 |
| Unnamed: 25 | float64 | 272 B | 6 | 17.65 | 28 | 2006 |
| Unnamed: 26 | float64 | 272 B | 5 | 14.71 | 27 | 2007 |
| Unnamed: 27 | float64 | 272 B | 5 | 14.71 | 28 | 2008 |
| Unnamed: 28 | float64 | 272 B | 5 | 14.71 | 29 | 2009 |
| Unnamed: 29 | float64 | 272 B | 5 | 14.71 | 30 | 2010 |
| Unnamed: 30 | float64 | 272 B | 5 | 14.71 | 29 | 2011 |
| Unnamed: 31 | float64 | 272 B | 5 | 14.71 | 29 | 2012 |
| Unnamed: 32 | float64 | 272 B | 6 | 17.65 | 27 | 2013 |
| Unnamed: 33 | float64 | 272 B | 5 | 14.71 | 27 | 2014 |
| Unnamed: 34 | float64 | 272 B | 7 | 20.59 | 26 | 2015 |

## Preview

### First 5 Rows

| Unnamed: 0 | Unnamed: 1 | Unnamed: 2 | Unnamed: 3 | Unnamed: 4 | Unnamed: 5 | Unnamed: 6 | Unnamed: 7 | Unnamed: 8 | Unnamed: 9 | Unnamed: 10 | Unnamed: 11 | Unnamed: 12 | Unnamed: 13 | Unnamed: 14 | Unnamed: 15 | Unnamed: 16 | Unnamed: 17 | Unnamed: 18 | Unnamed: 19 | Unnamed: 20 | Unnamed: 21 | Unnamed: 22 | Unnamed: 23 | Unnamed: 24 | Unnamed: 25 | Unnamed: 26 | Unnamed: 27 | Unnamed: 28 | Unnamed: 29 | Unnamed: 30 | Unnamed: 31 | Unnamed: 32 | Unnamed: 33 | Unnamed: 34 |
| --- | --- | --- | --- | --- | --- | --- | --- | --- | --- | --- | --- | --- | --- | --- | --- | --- | --- | --- | --- | --- | --- | --- | --- | --- | --- | --- | --- | --- | --- | --- | --- | --- | --- | --- |
| NaN | NaN | NaN | NaN | NaN | NaN | NaN | NaN | NaN | NaN | NaN | NaN | NaN | NaN | NaN | NaN | NaN | NaN | NaN | NaN | NaN | NaN | NaN | NaN | NaN | NaN | NaN | NaN | NaN | NaN | NaN | NaN | NaN | NaN | NaN |
| NaN | NaN | NaN | NaN | NaN | NaN | NaN | NaN | NaN | NaN | NaN | NaN | NaN | NaN | NaN | NaN | NaN | NaN | NaN | NaN | NaN | NaN | NaN | NaN | NaN | NaN | NaN | NaN | NaN | NaN | NaN | NaN | NaN | NaN | NaN |
| NaN | NaN | NaN | NaN | NaN | NaN | NaN | NaN | NaN | NaN | NaN | NaN | NaN | NaN | NaN | NaN | NaN | NaN | NaN | NaN | NaN | NaN | NaN | NaN | NaN | NaN | NaN | NaN | NaN | NaN | NaN | NaN | NaN | NaN | NaN |
| NaN | NaN | NaN | NaN | NaN | NaN | NaN | NaN | NaN | NaN | NaN | NaN | NaN | NaN | NaN | NaN | NaN | NaN | NaN | NaN | NaN | NaN | NaN | NaN | NaN | NaN | NaN | NaN | NaN | NaN | NaN | NaN | NaN | NaN | NaN |
| NaN | NaN | NaN | NaN | NaN | NaN | NaN | NaN | NaN | NaN | NaN | NaN | NaN | NaN | NaN | NaN | NaN | NaN | NaN | NaN | NaN | NaN | NaN | NaN | NaN | NaN | NaN | NaN | NaN | NaN | NaN | NaN | NaN | NaN | NaN |

### Last 5 Rows

| Unnamed: 0 | Unnamed: 1 | Unnamed: 2 | Unnamed: 3 | Unnamed: 4 | Unnamed: 5 | Unnamed: 6 | Unnamed: 7 | Unnamed: 8 | Unnamed: 9 | Unnamed: 10 | Unnamed: 11 | Unnamed: 12 | Unnamed: 13 | Unnamed: 14 | Unnamed: 15 | Unnamed: 16 | Unnamed: 17 | Unnamed: 18 | Unnamed: 19 | Unnamed: 20 | Unnamed: 21 | Unnamed: 22 | Unnamed: 23 | Unnamed: 24 | Unnamed: 25 | Unnamed: 26 | Unnamed: 27 | Unnamed: 28 | Unnamed: 29 | Unnamed: 30 | Unnamed: 31 | Unnamed: 32 | Unnamed: 33 | Unnamed: 34 |
| --- | --- | --- | --- | --- | --- | --- | --- | --- | --- | --- | --- | --- | --- | --- | --- | --- | --- | --- | --- | --- | --- | --- | --- | --- | --- | --- | --- | --- | --- | --- | --- | --- | --- | --- |
| Groundnuts | metric tonnes | 200 | 1400 | 2000 | 300 | 800 | 600 | 800 | 200 | 100 | 200 | 500 | 540 | 126 | 951 | 551 | 1040 | 121 | 217 | 545 | 147 | 137 | 15 | 119 | 558 | 76 | 161 | 1538 | 1828 | 833 | 200 | 112 | 553 | 151 |
| Cattle | Number | 2840 | 2911 | 2967 | 2979 | 2818 | 2685 | 2459 | 2332 | 2264 | 2408 | 2543 | 2696 | 1821 | 2530 | 2249 | 2212 | 2345 | 2581 | 2099 | 2468 | 3060 | 2028 | 2155 | 2071 | 1788 | 2220 | 2413 | 2635 | 2554 | 2247 | 2084 | 1597 | 1744 |
| Goats | Number | 616 | 638 | 621 | 636 | 783 | 889 | 1138 | 1332 | 1470 | 1691 | 1897 | 2092 | 1838 | 2624 | 2205 | 2615 | 2199 | 1916 | 1576 | 1887 | 1683 | 1355 | 1550 | 1630 | 1640 | 1879 | 1867 | 1938 | 1770 | 1650 | 1533 | 1606 | 1205 |
| Sheep | Number | 152 | 149 | 140 | 140 | 165 | 167 | 200 | 229 | 240 | 259 | 286 | 317 | 250 | 337 | 349 | 409 | 393 | 369 | 256 | 306 | 273 | 220 | 244 | 229 | 253 | 303 | 293 | 279 | 296 | 294 | 274 | 227 | 242 |
| Chicken | Number | 740 | 833 | 1046 | 1146 | 961 | 714 | 1020 | 1179 | 1283 | 1810 | 2013 | 2126 | 1077 | 3157 | 1355 | 1191 | 776 | 874 | 1015 | 928 | 866 | 650 | 1046 | 1639 | 858 | 1170 | 1739 | 1761 | 1499 | 1130 | 1081 | 1017 | 760 |

## Data Quality

| Measure | Value |
| --- | --- |
| Missing values | 213 |
| Missing % | 17.9 |
| Duplicate rows | 4 |
| Duplicate dates | 0 |
| Infinite values | 0 |
| Zero values | 6 |
| Negative values | 0 |
| Constant columns | None |
| Near-constant columns | None |
| Potential identifier columns | None |
| Mixed data type columns | None |
| Object columns containing dates | None |

### Numeric Sign Counts

| Column | Zero Values | Negative Values | Positive Values |
| --- | --- | --- | --- |
| Unnamed: 2 | 0 | 0 | 29 |
| Unnamed: 3 | 0 | 0 | 29 |
| Unnamed: 4 | 0 | 0 | 29 |
| Unnamed: 5 | 0 | 0 | 29 |
| Unnamed: 6 | 0 | 0 | 26 |
| Unnamed: 7 | 0 | 0 | 26 |
| Unnamed: 8 | 0 | 0 | 28 |
| Unnamed: 9 | 0 | 0 | 27 |
| Unnamed: 10 | 0 | 0 | 27 |
| Unnamed: 11 | 0 | 0 | 27 |
| Unnamed: 12 | 0 | 0 | 28 |
| Unnamed: 13 | 0 | 0 | 28 |
| Unnamed: 14 | 0 | 0 | 29 |
| Unnamed: 15 | 0 | 0 | 28 |
| Unnamed: 16 | 0 | 0 | 27 |
| Unnamed: 17 | 0 | 0 | 29 |
| Unnamed: 18 | 0 | 0 | 27 |
| Unnamed: 19 | 0 | 0 | 27 |
| Unnamed: 20 | 0 | 0 | 29 |
| Unnamed: 21 | 0 | 0 | 29 |
| Unnamed: 22 | 0 | 0 | 25 |
| Unnamed: 23 | 0 | 0 | 25 |
| Unnamed: 24 | 0 | 0 | 25 |
| Unnamed: 25 | 1 | 0 | 27 |
| Unnamed: 26 | 2 | 0 | 27 |
| Unnamed: 27 | 1 | 0 | 28 |
| Unnamed: 28 | 0 | 0 | 29 |
| Unnamed: 29 | 1 | 0 | 28 |
| Unnamed: 30 | 0 | 0 | 29 |
| Unnamed: 31 | 1 | 0 | 28 |
| Unnamed: 32 | 0 | 0 | 28 |
| Unnamed: 33 | 0 | 0 | 29 |
| Unnamed: 34 | 0 | 0 | 27 |

## Missing Value Analysis

### Missing Count Per Column

| Column | Missing Count | Missing % |
| --- | --- | --- |
| Unnamed: 0 | 5 | 14.71 |
| Unnamed: 1 | 5 | 14.71 |
| Unnamed: 2 | 5 | 14.71 |
| Unnamed: 3 | 5 | 14.71 |
| Unnamed: 4 | 5 | 14.71 |
| Unnamed: 5 | 5 | 14.71 |
| Unnamed: 6 | 8 | 23.53 |
| Unnamed: 7 | 8 | 23.53 |
| Unnamed: 8 | 6 | 17.65 |
| Unnamed: 9 | 7 | 20.59 |
| Unnamed: 10 | 7 | 20.59 |
| Unnamed: 11 | 7 | 20.59 |
| Unnamed: 12 | 6 | 17.65 |
| Unnamed: 13 | 6 | 17.65 |
| Unnamed: 14 | 5 | 14.71 |
| Unnamed: 15 | 6 | 17.65 |
| Unnamed: 16 | 7 | 20.59 |
| Unnamed: 17 | 5 | 14.71 |
| Unnamed: 18 | 7 | 20.59 |
| Unnamed: 19 | 7 | 20.59 |
| Unnamed: 20 | 5 | 14.71 |
| Unnamed: 21 | 5 | 14.71 |
| Unnamed: 22 | 9 | 26.47 |
| Unnamed: 23 | 9 | 26.47 |
| Unnamed: 24 | 9 | 26.47 |
| Unnamed: 25 | 6 | 17.65 |
| Unnamed: 26 | 5 | 14.71 |
| Unnamed: 27 | 5 | 14.71 |
| Unnamed: 28 | 5 | 14.71 |
| Unnamed: 29 | 5 | 14.71 |
| Unnamed: 30 | 5 | 14.71 |
| Unnamed: 31 | 5 | 14.71 |
| Unnamed: 32 | 6 | 17.65 |
| Unnamed: 33 | 5 | 14.71 |
| Unnamed: 34 | 7 | 20.59 |

Rows containing missing values: 10 (29.41%)

### Rows Containing Missing Values (First 10)

| Unnamed: 0 | Unnamed: 1 | Unnamed: 2 | Unnamed: 3 | Unnamed: 4 | Unnamed: 5 | Unnamed: 6 | Unnamed: 7 | Unnamed: 8 | Unnamed: 9 | Unnamed: 10 | Unnamed: 11 | Unnamed: 12 | Unnamed: 13 | Unnamed: 14 | Unnamed: 15 | Unnamed: 16 | Unnamed: 17 | Unnamed: 18 | Unnamed: 19 | Unnamed: 20 | Unnamed: 21 | Unnamed: 22 | Unnamed: 23 | Unnamed: 24 | Unnamed: 25 | Unnamed: 26 | Unnamed: 27 | Unnamed: 28 | Unnamed: 29 | Unnamed: 30 | Unnamed: 31 | Unnamed: 32 | Unnamed: 33 | Unnamed: 34 |
| --- | --- | --- | --- | --- | --- | --- | --- | --- | --- | --- | --- | --- | --- | --- | --- | --- | --- | --- | --- | --- | --- | --- | --- | --- | --- | --- | --- | --- | --- | --- | --- | --- | --- | --- |
| NaN | NaN | NaN | NaN | NaN | NaN | NaN | NaN | NaN | NaN | NaN | NaN | NaN | NaN | NaN | NaN | NaN | NaN | NaN | NaN | NaN | NaN | NaN | NaN | NaN | NaN | NaN | NaN | NaN | NaN | NaN | NaN | NaN | NaN | NaN |
| NaN | NaN | NaN | NaN | NaN | NaN | NaN | NaN | NaN | NaN | NaN | NaN | NaN | NaN | NaN | NaN | NaN | NaN | NaN | NaN | NaN | NaN | NaN | NaN | NaN | NaN | NaN | NaN | NaN | NaN | NaN | NaN | NaN | NaN | NaN |
| NaN | NaN | NaN | NaN | NaN | NaN | NaN | NaN | NaN | NaN | NaN | NaN | NaN | NaN | NaN | NaN | NaN | NaN | NaN | NaN | NaN | NaN | NaN | NaN | NaN | NaN | NaN | NaN | NaN | NaN | NaN | NaN | NaN | NaN | NaN |
| NaN | NaN | NaN | NaN | NaN | NaN | NaN | NaN | NaN | NaN | NaN | NaN | NaN | NaN | NaN | NaN | NaN | NaN | NaN | NaN | NaN | NaN | NaN | NaN | NaN | NaN | NaN | NaN | NaN | NaN | NaN | NaN | NaN | NaN | NaN |
| NaN | NaN | NaN | NaN | NaN | NaN | NaN | NaN | NaN | NaN | NaN | NaN | NaN | NaN | NaN | NaN | NaN | NaN | NaN | NaN | NaN | NaN | NaN | NaN | NaN | NaN | NaN | NaN | NaN | NaN | NaN | NaN | NaN | NaN | NaN |
| Sunflower | Thousand Hectares | 5 | 5 | 1 | 1 | NaN | NaN | 3 | 1 | 1 | 1 | 1 | 1 | 2 | 4 | NaN | 1 | NaN | NaN | 1 | 1 | NaN | NaN | NaN | NaN | 1 | 1 | 1 | 1 | 14 | 1 | 1 | 1 | NaN |
| Groundnuts | Thousand Hectares | 4 | 2 | 3 | 2 | 1 | 2 | 1 | 1 | 2 | 1 | 1 | 1 | 1 | 1 | 2 | 5 | 11 | 3 | 4 | 1 | 2 | NaN | NaN | 1 | 3 | 3 | 3 | 4 | 2 | 2 | 2 | 2 | 2 |
| Millet | Thousand Hectares | 8 | 14 | 13 | 3 | 6 | 8 | 10 | 10 | 5 | 9 | 11 | 9 | 11 | 7 | 9 | 8 | 5 | 5 | 3 | 2 | NaN | 1 | 6 | 6 | 2 | 7 | 8 | 9 | 11 | 7 | 8 | 7 | 3 |
| Sunflower | Thousand Hectares | 4 | 5 | 1 | 1 | NaN | NaN | NaN | NaN | NaN | NaN | NaN | NaN | 1 | 3 | NaN | 1 | NaN | NaN | 1 | 1 | NaN | NaN | NaN | 0 | 0 | 0 | 1 | 0 | 14 | 0 | NaN | 1 | NaN |
| Groundnuts | metric tonnes | 2 | 1 | 2 | 1 | NaN | NaN | 1 | NaN | NaN | NaN | 1 | 1 | 1 | NaN | 1 | 4 | 9 | 1 | 2 | 1 | NaN | NaN | NaN | 1 | 0 | 1 | 2 | 3 | 1 | 1 | 1 | 1 | 1 |

Grouped missing-value tables generated: 0

## Duplicate Analysis

Duplicate count: 4

### Preview Duplicate Records

| Unnamed: 0 | Unnamed: 1 | Unnamed: 2 | Unnamed: 3 | Unnamed: 4 | Unnamed: 5 | Unnamed: 6 | Unnamed: 7 | Unnamed: 8 | Unnamed: 9 | Unnamed: 10 | Unnamed: 11 | Unnamed: 12 | Unnamed: 13 | Unnamed: 14 | Unnamed: 15 | Unnamed: 16 | Unnamed: 17 | Unnamed: 18 | Unnamed: 19 | Unnamed: 20 | Unnamed: 21 | Unnamed: 22 | Unnamed: 23 | Unnamed: 24 | Unnamed: 25 | Unnamed: 26 | Unnamed: 27 | Unnamed: 28 | Unnamed: 29 | Unnamed: 30 | Unnamed: 31 | Unnamed: 32 | Unnamed: 33 | Unnamed: 34 |
| --- | --- | --- | --- | --- | --- | --- | --- | --- | --- | --- | --- | --- | --- | --- | --- | --- | --- | --- | --- | --- | --- | --- | --- | --- | --- | --- | --- | --- | --- | --- | --- | --- | --- | --- |
| NaN | NaN | NaN | NaN | NaN | NaN | NaN | NaN | NaN | NaN | NaN | NaN | NaN | NaN | NaN | NaN | NaN | NaN | NaN | NaN | NaN | NaN | NaN | NaN | NaN | NaN | NaN | NaN | NaN | NaN | NaN | NaN | NaN | NaN | NaN |
| NaN | NaN | NaN | NaN | NaN | NaN | NaN | NaN | NaN | NaN | NaN | NaN | NaN | NaN | NaN | NaN | NaN | NaN | NaN | NaN | NaN | NaN | NaN | NaN | NaN | NaN | NaN | NaN | NaN | NaN | NaN | NaN | NaN | NaN | NaN |
| NaN | NaN | NaN | NaN | NaN | NaN | NaN | NaN | NaN | NaN | NaN | NaN | NaN | NaN | NaN | NaN | NaN | NaN | NaN | NaN | NaN | NaN | NaN | NaN | NaN | NaN | NaN | NaN | NaN | NaN | NaN | NaN | NaN | NaN | NaN |
| NaN | NaN | NaN | NaN | NaN | NaN | NaN | NaN | NaN | NaN | NaN | NaN | NaN | NaN | NaN | NaN | NaN | NaN | NaN | NaN | NaN | NaN | NaN | NaN | NaN | NaN | NaN | NaN | NaN | NaN | NaN | NaN | NaN | NaN | NaN |
| NaN | NaN | NaN | NaN | NaN | NaN | NaN | NaN | NaN | NaN | NaN | NaN | NaN | NaN | NaN | NaN | NaN | NaN | NaN | NaN | NaN | NaN | NaN | NaN | NaN | NaN | NaN | NaN | NaN | NaN | NaN | NaN | NaN | NaN | NaN |

### Repeated Date Values

No datetime columns detected.

## Numeric Statistics

| Column | Count | Mean | Median | Mode | Minimum | Maximum | Range | Variance | Standard Deviation | Coefficient of Variation | IQR | Skewness | Kurtosis | Zero Count | Negative Count | Positive Count | Outlier Count Using IQR |
| --- | --- | --- | --- | --- | --- | --- | --- | --- | --- | --- | --- | --- | --- | --- | --- | --- | --- |
| Unnamed: 2 | 29 | 625.034 | 67 | 4 | 2 | 5000 | 4998 | 1.37515e+06 | 1172.67 | 1.87616 | 721 | 2.53959 | 6.66489 | 0 | 0 | 29 | 4 |
| Unnamed: 3 | 29 | 1960.72 | 150 | 5 | 1 | 29000 | 28999 | 3.22933e+07 | 5682.72 | 2.89827 | 1377 | 4.3172 | 19.7782 | 0 | 0 | 29 | 2 |
| Unnamed: 4 | 29 | 2306.62 | 140 | 1 | 1 | 28000 | 27999 | 4.09594e+07 | 6399.95 | 2.7746 | 1174 | 3.56882 | 12.1275 | 0 | 0 | 29 | 4 |
| Unnamed: 5 | 29 | 1145.62 | 91 | 1 | 1 | 13000 | 12999 | 7.54543e+06 | 2746.89 | 2.39773 | 484 | 3.46204 | 12.9976 | 0 | 0 | 29 | 5 |
| Unnamed: 6 | 26 | 923.846 | 156.5 | 16 | 1 | 9000 | 8999 | 3.95968e+06 | 1989.89 | 2.15392 | 772.75 | 3.25513 | 11.3769 | 0 | 0 | 26 | 4 |
| Unnamed: 7 | 26 | 606.231 | 129 | 400 | 1 | 6000 | 5999 | 1.61688e+06 | 1271.57 | 2.0975 | 556.25 | 3.49357 | 13.5367 | 0 | 0 | 26 | 3 |
| Unnamed: 8 | 28 | 998.607 | 119.5 | 1 | 1 | 15000 | 14999 | 8.00816e+06 | 2829.87 | 2.83382 | 839.25 | 4.81296 | 24.3766 | 0 | 0 | 28 | 2 |
| Unnamed: 9 | 27 | 1108.48 | 129 | 1 | 1 | 16000 | 15999 | 9.63968e+06 | 3104.78 | 2.80093 | 864.5 | 4.57921 | 22.2994 | 0 | 0 | 27 | 3 |
| Unnamed: 10 | 27 | 1112.48 | 100 | 100 | 1 | 18000 | 17999 | 1.21038e+07 | 3479.05 | 3.12729 | 302.5 | 4.74011 | 23.5406 | 0 | 0 | 27 | 6 |
| Unnamed: 11 | 27 | 4361.74 | 219 | 200 | 1 | 94000 | 93999 | 3.23503e+08 | 17986.2 | 4.12362 | 1710 | 5.13124 | 26.5191 | 0 | 0 | 27 | 2 |
| Unnamed: 12 | 28 | 3163.68 | 200 | 1 | 1 | 53000 | 52999 | 1.09546e+08 | 10466.4 | 3.30831 | 1879.25 | 4.45217 | 20.7349 | 0 | 0 | 28 | 2 |
| Unnamed: 13 | 28 | 2339.07 | 183 | 1 | 1 | 38200 | 38199 | 5.47336e+07 | 7398.21 | 3.16288 | 1742.25 | 4.61004 | 22.3196 | 0 | 0 | 28 | 2 |
| Unnamed: 14 | 29 | 824.345 | 84 | 1 | 1 | 10797 | 10796 | 4.30797e+06 | 2075.56 | 2.51783 | 510 | 4.2744 | 20.3185 | 0 | 0 | 29 | 6 |
| Unnamed: 15 | 28 | 6397.14 | 365.5 | 1 | 1 | 113547 | 113546 | 4.67389e+08 | 21619.2 | 3.3795 | 2104.75 | 4.85392 | 24.5711 | 0 | 0 | 28 | 4 |
| Unnamed: 16 | 27 | 3733.26 | 191 | 1 | 1 | 59200 | 59199 | 1.45117e+08 | 12046.5 | 3.22679 | 1623.5 | 4.24998 | 18.8478 | 0 | 0 | 27 | 2 |
| Unnamed: 17 | 29 | 1833.34 | 147 | 1 | 1 | 22647 | 22646 | 2.27453e+07 | 4769.21 | 2.60137 | 1133 | 3.71241 | 14.2831 | 0 | 0 | 29 | 3 |
| Unnamed: 18 | 27 | 644 | 55 | 9 | 5 | 3743 | 3738 | 1.02792e+06 | 1013.86 | 1.57432 | 962.5 | 1.68964 | 2.1589 | 0 | 0 | 27 | 1 |
| Unnamed: 19 | 27 | 896.037 | 109 | 1 | 1 | 6658 | 6657 | 2.42138e+06 | 1556.08 | 1.73662 | 1076 | 2.42384 | 6.59097 | 0 | 0 | 27 | 3 |
| Unnamed: 20 | 29 | 1588.41 | 123 | 1 | 1 | 19962 | 19961 | 1.84052e+07 | 4290.13 | 2.70089 | 510 | 3.64766 | 13.5307 | 0 | 0 | 29 | 6 |
| Unnamed: 21 | 29 | 586.034 | 100 | 1 | 1 | 4976 | 4975 | 1.21085e+06 | 1100.39 | 1.87768 | 459 | 2.72187 | 8.53658 | 0 | 0 | 29 | 6 |
| Unnamed: 22 | 25 | 1805.96 | 86 | 2 | 2 | 16447 | 16445 | 1.93567e+07 | 4399.62 | 2.43617 | 1648 | 3.08093 | 8.65836 | 0 | 0 | 25 | 2 |
| Unnamed: 23 | 25 | 1328.52 | 38 | 3 | 1 | 23501 | 23500 | 2.17676e+07 | 4665.58 | 3.51186 | 635 | 4.84445 | 23.8921 | 0 | 0 | 25 | 4 |
| Unnamed: 24 | 25 | 856.8 | 213 | 134 | 6 | 6095 | 6089 | 2.16886e+06 | 1472.71 | 1.71884 | 998 | 2.56947 | 6.85167 | 0 | 0 | 25 | 2 |
| Unnamed: 25 | 28 | 1634.46 | 214.5 | 1 | 0 | 14896 | 14896 | 1.29329e+07 | 3596.23 | 2.20025 | 1592 | 3.03675 | 8.92671 | 1 | 0 | 27 | 3 |
| Unnamed: 26 | 29 | 854.517 | 40 | 0 | 0 | 11774 | 11774 | 5.01127e+06 | 2238.59 | 2.61971 | 798 | 4.44771 | 21.7485 | 2 | 0 | 27 | 4 |
| Unnamed: 27 | 29 | 1838.21 | 88 | 1 | 0 | 23632 | 23632 | 2.24726e+07 | 4740.52 | 2.57888 | 1607 | 3.90774 | 16.8038 | 1 | 0 | 28 | 3 |
| Unnamed: 28 | 29 | 2377.38 | 121 | 1 | 1 | 29379 | 29378 | 3.99361e+07 | 6319.5 | 2.65818 | 1734 | 3.68852 | 13.664 | 0 | 0 | 29 | 2 |
| Unnamed: 29 | 29 | 2439.52 | 111 | 0 | 0 | 31326 | 31326 | 4.08671e+07 | 6392.74 | 2.62049 | 1912 | 3.9184 | 16.1757 | 1 | 0 | 28 | 2 |
| Unnamed: 30 | 29 | 3299.9 | 193 | 14 | 1 | 32591 | 32590 | 6.7766e+07 | 8232.01 | 2.49463 | 1741 | 3.01899 | 8.36282 | 0 | 0 | 29 | 4 |
| Unnamed: 31 | 29 | 1740.72 | 141 | 1 | 0 | 24021 | 24021 | 2.16595e+07 | 4653.98 | 2.67359 | 1626 | 4.28249 | 20.0617 | 1 | 0 | 28 | 3 |
| Unnamed: 32 | 28 | 1036.71 | 90 | 1 | 1 | 10231 | 10230 | 4.47448e+06 | 2115.3 | 2.04039 | 1406 | 3.38248 | 13.45 | 0 | 0 | 28 | 3 |
| Unnamed: 33 | 29 | 2155.59 | 220 | 1 | 1 | 28550 | 28549 | 3.40888e+07 | 5838.56 | 2.70857 | 980 | 3.8766 | 15.9987 | 0 | 0 | 29 | 4 |
| Unnamed: 34 | 27 | 2045.07 | 83 | 23 | 1 | 35508 | 35507 | 4.71326e+07 | 6865.32 | 3.357 | 964.5 | 4.80932 | 23.9951 | 0 | 0 | 27 | 3 |

## Categorical Statistics

### Unnamed: 0

Unique values: 12

| Top 10 Values | Frequency | Frequency % |
| --- | --- | --- |
| NaN | 5 | 14.71 |
| Sorghum | 4 | 11.76 |
| Maize | 4 | 11.76 |
| Millet | 4 | 11.76 |
| Pulses | 4 | 11.76 |
| Sunflower | 4 | 11.76 |
| Groundnuts | 4 | 11.76 |
| Indicator | 1 | 2.94 |
| Cattle | 1 | 2.94 |
| Goats | 1 | 2.94 |

### Unnamed: 1

Unique values: 6

| Top 10 Values | Frequency | Frequency % |
| --- | --- | --- |
| Thousand Hectares | 11 | 32.35 |
| metric tonnes | 7 | 20.59 |
| KG/HA | 6 | 17.65 |
| NaN | 5 | 14.71 |
| Number | 4 | 11.76 |
| Units | 1 | 2.94 |

## Datetime Analysis

Datetime columns detected: 0

## Join Key Analysis

No candidate join keys detected.

## Correlation Analysis

| Column | Unnamed: 2 | Unnamed: 3 | Unnamed: 4 | Unnamed: 5 | Unnamed: 6 | Unnamed: 7 | Unnamed: 8 | Unnamed: 9 | Unnamed: 10 | Unnamed: 11 | Unnamed: 12 | Unnamed: 13 | Unnamed: 14 | Unnamed: 15 | Unnamed: 16 | Unnamed: 17 | Unnamed: 18 | Unnamed: 19 | Unnamed: 20 | Unnamed: 21 | Unnamed: 22 | Unnamed: 23 | Unnamed: 24 | Unnamed: 25 | Unnamed: 26 | Unnamed: 27 | Unnamed: 28 | Unnamed: 29 | Unnamed: 30 | Unnamed: 31 | Unnamed: 32 | Unnamed: 33 | Unnamed: 34 |
| --- | --- | --- | --- | --- | --- | --- | --- | --- | --- | --- | --- | --- | --- | --- | --- | --- | --- | --- | --- | --- | --- | --- | --- | --- | --- | --- | --- | --- | --- | --- | --- | --- | --- |
| Unnamed: 2 | 1 | 0.886017 | 0.877206 | 0.657784 | 0.818021 | 0.89752 | 0.844905 | 0.876703 | 0.85106 | 0.768162 | 0.853157 | 0.856539 | 0.900677 | 0.799977 | 0.853169 | 0.774369 | 0.932152 | 0.953897 | 0.788039 | 0.748964 | 0.873561 | 0.800429 | 0.967141 | 0.845395 | 0.874272 | 0.870249 | 0.886412 | 0.891117 | 0.836464 | 0.874271 | 0.921655 | 0.726233 | 0.796866 |
| Unnamed: 3 | 0.886017 | 1 | 0.957947 | 0.534777 | 0.733072 | 0.858153 | 0.945535 | 0.976174 | 0.96557 | 0.945566 | 0.995013 | 0.992013 | 0.967996 | 0.965504 | 0.995108 | 0.772165 | 0.768171 | 0.887626 | 0.790093 | 0.513952 | 0.896295 | 0.939753 | 0.9209 | 0.852092 | 0.945186 | 0.957662 | 0.977865 | 0.99155 | 0.887692 | 0.974439 | 0.941335 | 0.722306 | 0.942673 |
| Unnamed: 4 | 0.877206 | 0.957947 | 1 | 0.706025 | 0.880076 | 0.730846 | 0.818351 | 0.883411 | 0.86441 | 0.818755 | 0.94717 | 0.926892 | 0.886318 | 0.858475 | 0.957298 | 0.918092 | 0.762793 | 0.873306 | 0.929632 | 0.677028 | 0.979937 | 0.808991 | 0.93715 | 0.951214 | 0.842505 | 0.905826 | 0.99361 | 0.977409 | 0.941921 | 0.907097 | 0.89012 | 0.88377 | 0.827742 |
| Unnamed: 5 | 0.657784 | 0.534777 | 0.706025 | 1 | 0.856247 | 0.298988 | 0.302733 | 0.392153 | 0.359795 | 0.260514 | 0.48983 | 0.450266 | 0.42768 | 0.323817 | 0.507876 | 0.838079 | 0.631446 | 0.708589 | 0.829049 | 0.794606 | 0.806712 | 0.274211 | 0.666265 | 0.76579 | 0.445759 | 0.609775 | 0.657698 | 0.622296 | 0.837487 | 0.545915 | 0.538177 | 0.836808 | 0.292791 |
| Unnamed: 6 | 0.818021 | 0.733072 | 0.880076 | 0.856247 | 1 | 0.538471 | 0.532983 | 0.628174 | 0.596864 | 0.486966 | 0.705294 | 0.672089 | 0.660559 | 0.541973 | 0.723129 | 0.958764 | 0.741876 | 0.770499 | 0.958532 | 0.900024 | 0.935505 | 0.49528 | 0.868857 | 0.923972 | 0.579378 | 0.670744 | 0.833912 | 0.780945 | 0.835578 | 0.652265 | 0.678508 | 0.938669 | 0.501123 |
| Unnamed: 7 | 0.89752 | 0.858153 | 0.730846 | 0.298988 | 0.538471 | 1 | 0.949641 | 0.929979 | 0.925939 | 0.881465 | 0.845133 | 0.873631 | 0.93386 | 0.866185 | 0.829117 | 0.481522 | 0.839318 | 0.856519 | 0.504999 | 0.432205 | 0.66554 | 0.917268 | 0.845643 | 0.601664 | 0.929308 | 0.834864 | 0.772987 | 0.816273 | 0.642943 | 0.866891 | 0.879356 | 0.402705 | 0.881226 |
| Unnamed: 8 | 0.844905 | 0.945535 | 0.818351 | 0.302733 | 0.532983 | 0.949641 | 1 | 0.989628 | 0.989004 | 0.98175 | 0.945762 | 0.964908 | 0.978776 | 0.97471 | 0.933094 | 0.545169 | 0.750586 | 0.839672 | 0.567971 | 0.341562 | 0.72432 | 0.98926 | 0.843204 | 0.66553 | 0.972445 | 0.912642 | 0.863884 | 0.906722 | 0.730152 | 0.94619 | 0.912171 | 0.475869 | 0.966648 |
| Unnamed: 9 | 0.876703 | 0.976174 | 0.883411 | 0.392153 | 0.628174 | 0.929979 | 0.989628 | 1 | 0.997192 | 0.978166 | 0.978583 | 0.989682 | 0.992351 | 0.977615 | 0.970503 | 0.646361 | 0.782605 | 0.872602 | 0.668686 | 0.431415 | 0.807972 | 0.983738 | 0.896314 | 0.749343 | 0.975017 | 0.936318 | 0.919537 | 0.948608 | 0.794327 | 0.964745 | 0.935906 | 0.580533 | 0.968211 |
| Unnamed: 10 | 0.85106 | 0.96557 | 0.86441 | 0.359795 | 0.596864 | 0.925939 | 0.989004 | 0.997192 | 1 | 0.984214 | 0.97382 | 0.986386 | 0.984178 | 0.972122 | 0.963862 | 0.614126 | 0.761322 | 0.853578 | 0.63872 | 0.39167 | 0.786868 | 0.991102 | 0.8734 | 0.713653 | 0.974691 | 0.928542 | 0.901895 | 0.934041 | 0.773882 | 0.958046 | 0.918026 | 0.542658 | 0.969516 |
| Unnamed: 11 | 0.768162 | 0.945566 | 0.818755 | 0.260514 | 0.486966 | 0.881465 | 0.98175 | 0.978166 | 0.984214 | 1 | 0.958476 | 0.972489 | 0.952169 | 0.986595 | 0.947732 | 0.534274 | 0.659933 | 0.784078 | 0.560551 | 0.247601 | 0.717116 | 0.994023 | 0.793228 | 0.649521 | 0.954856 | 0.910375 | 0.865117 | 0.906383 | 0.730246 | 0.94466 | 0.887914 | 0.469112 | 0.982815 |
| Unnamed: 12 | 0.853157 | 0.995013 | 0.94717 | 0.48983 | 0.705294 | 0.845133 | 0.945762 | 0.978583 | 0.97382 | 0.958476 | 1 | 0.997545 | 0.965864 | 0.968524 | 0.999042 | 0.752059 | 0.742464 | 0.86204 | 0.772348 | 0.475605 | 0.882794 | 0.950821 | 0.903686 | 0.829714 | 0.943072 | 0.948046 | 0.96968 | 0.983069 | 0.866602 | 0.968095 | 0.927194 | 0.697753 | 0.951583 |
| Unnamed: 13 | 0.856539 | 0.992013 | 0.926892 | 0.450266 | 0.672089 | 0.873631 | 0.964908 | 0.989682 | 0.986386 | 0.972489 | 0.997545 | 1 | 0.977168 | 0.978027 | 0.994066 | 0.714615 | 0.752663 | 0.86451 | 0.735792 | 0.452258 | 0.856382 | 0.968213 | 0.898961 | 0.802061 | 0.957994 | 0.948135 | 0.955472 | 0.974803 | 0.843388 | 0.971424 | 0.933931 | 0.655954 | 0.965466 |
| Unnamed: 14 | 0.900677 | 0.967996 | 0.886318 | 0.42768 | 0.660559 | 0.93386 | 0.978776 | 0.992351 | 0.984178 | 0.952169 | 0.965864 | 0.977168 | 1 | 0.962324 | 0.959327 | 0.67769 | 0.830593 | 0.894996 | 0.694514 | 0.507421 | 0.819728 | 0.961903 | 0.925347 | 0.779131 | 0.968417 | 0.927819 | 0.922239 | 0.94675 | 0.798864 | 0.954557 | 0.942748 | 0.614046 | 0.944666 |
| Unnamed: 15 | 0.799977 | 0.965504 | 0.858475 | 0.323817 | 0.541973 | 0.866185 | 0.97471 | 0.977615 | 0.972122 | 0.986595 | 0.968524 | 0.978027 | 0.962324 | 1 | 0.962301 | 0.604996 | 0.681912 | 0.808533 | 0.625306 | 0.317365 | 0.757803 | 0.972663 | 0.828917 | 0.726405 | 0.946532 | 0.923205 | 0.902635 | 0.93636 | 0.773949 | 0.955142 | 0.91722 | 0.554389 | 0.977339 |
| Unnamed: 16 | 0.853169 | 0.995108 | 0.957298 | 0.507876 | 0.723129 | 0.829117 | 0.933094 | 0.970503 | 0.963862 | 0.947732 | 0.999042 | 0.994066 | 0.959327 | 0.962301 | 1 | 0.774463 | 0.742727 | 0.862668 | 0.793839 | 0.492734 | 0.896698 | 0.938385 | 0.908371 | 0.849149 | 0.933249 | 0.946144 | 0.977513 | 0.987006 | 0.877729 | 0.964655 | 0.928056 | 0.723327 | 0.944441 |
| Unnamed: 17 | 0.774369 | 0.772165 | 0.918092 | 0.838079 | 0.958764 | 0.481522 | 0.545169 | 0.646361 | 0.614126 | 0.534274 | 0.752059 | 0.714615 | 0.67769 | 0.604996 | 0.774463 | 1 | 0.709058 | 0.766171 | 0.998156 | 0.851527 | 0.958913 | 0.523058 | 0.858961 | 0.97587 | 0.604642 | 0.718748 | 0.884814 | 0.83015 | 0.885791 | 0.699971 | 0.733508 | 0.99221 | 0.56976 |
| Unnamed: 18 | 0.932152 | 0.768171 | 0.762793 | 0.631446 | 0.741876 | 0.839318 | 0.750586 | 0.782605 | 0.761322 | 0.659933 | 0.742464 | 0.752663 | 0.830593 | 0.681912 | 0.742727 | 0.709058 | 1 | 0.951226 | 0.713418 | 0.78701 | 0.795712 | 0.713047 | 0.922278 | 0.762626 | 0.825093 | 0.802655 | 0.785039 | 0.791647 | 0.765017 | 0.795313 | 0.875731 | 0.64772 | 0.709397 |
| Unnamed: 19 | 0.953897 | 0.887626 | 0.873306 | 0.708589 | 0.770499 | 0.856519 | 0.839672 | 0.872602 | 0.853578 | 0.784078 | 0.86204 | 0.86451 | 0.894996 | 0.808533 | 0.862668 | 0.766171 | 0.951226 | 1 | 0.774944 | 0.694862 | 0.883548 | 0.818864 | 0.946971 | 0.82553 | 0.918138 | 0.938639 | 0.894241 | 0.912057 | 0.906159 | 0.925023 | 0.944739 | 0.710454 | 0.817604 |
| Unnamed: 20 | 0.788039 | 0.790093 | 0.929632 | 0.829049 | 0.958532 | 0.504999 | 0.567971 | 0.668686 | 0.63872 | 0.560551 | 0.772348 | 0.735792 | 0.694514 | 0.625306 | 0.793839 | 0.998156 | 0.713418 | 0.774944 | 1 | 0.841515 | 0.967093 | 0.550597 | 0.869168 | 0.977496 | 0.625574 | 0.734744 | 0.897175 | 0.843864 | 0.891905 | 0.718062 | 0.750085 | 0.988157 | 0.597037 |
| Unnamed: 21 | 0.748964 | 0.513952 | 0.677028 | 0.794606 | 0.900024 | 0.432205 | 0.341562 | 0.431415 | 0.39167 | 0.247601 | 0.475605 | 0.452258 | 0.507421 | 0.317365 | 0.492734 | 0.851527 | 0.78701 | 0.694862 | 0.841515 | 1 | 0.772642 | 0.275511 | 0.775703 | 0.811588 | 0.419779 | 0.4797 | 0.639655 | 0.577372 | 0.654526 | 0.455618 | 0.574536 | 0.838128 | 0.304931 |
| Unnamed: 22 | 0.873561 | 0.896295 | 0.979937 | 0.806712 | 0.935505 | 0.66554 | 0.72432 | 0.807972 | 0.786868 | 0.717116 | 0.882794 | 0.856382 | 0.819728 | 0.757803 | 0.896698 | 0.958913 | 0.795712 | 0.883548 | 0.967093 | 0.772642 | 1 | 0.718394 | 0.937001 | 0.962047 | 0.782036 | 0.866654 | 0.961992 | 0.934358 | 0.954636 | 0.853112 | 0.849213 | 0.925997 | 0.735505 |
| Unnamed: 23 | 0.800429 | 0.939753 | 0.808991 | 0.274211 | 0.49528 | 0.917268 | 0.98926 | 0.983738 | 0.991102 | 0.994023 | 0.950821 | 0.968213 | 0.961903 | 0.972663 | 0.938385 | 0.523058 | 0.713047 | 0.818864 | 0.550597 | 0.275511 | 0.718394 | 1 | 0.81321 | 0.636894 | 0.974612 | 0.918733 | 0.856497 | 0.901038 | 0.729756 | 0.950235 | 0.901289 | 0.449633 | 0.980683 |
| Unnamed: 24 | 0.967141 | 0.9209 | 0.93715 | 0.666265 | 0.868857 | 0.845643 | 0.843204 | 0.896314 | 0.8734 | 0.793228 | 0.903686 | 0.898961 | 0.925347 | 0.828917 | 0.908371 | 0.858961 | 0.922278 | 0.946971 | 0.869168 | 0.775703 | 0.937001 | 0.81321 | 1 | 0.915634 | 0.874668 | 0.884097 | 0.944877 | 0.935696 | 0.875714 | 0.889549 | 0.92814 | 0.810335 | 0.81499 |
| Unnamed: 25 | 0.845395 | 0.852092 | 0.951214 | 0.76579 | 0.923972 | 0.601664 | 0.66553 | 0.749343 | 0.713653 | 0.649521 | 0.829714 | 0.802061 | 0.779131 | 0.726405 | 0.849149 | 0.97587 | 0.762626 | 0.82553 | 0.977496 | 0.811588 | 0.962047 | 0.636894 | 0.915634 | 1 | 0.703305 | 0.792392 | 0.937059 | 0.896088 | 0.900899 | 0.786315 | 0.835949 | 0.967522 | 0.691554 |
| Unnamed: 26 | 0.874272 | 0.945186 | 0.842505 | 0.445759 | 0.579378 | 0.929308 | 0.972445 | 0.975017 | 0.974691 | 0.954856 | 0.943072 | 0.957994 | 0.968417 | 0.946532 | 0.933249 | 0.604642 | 0.825093 | 0.918138 | 0.625574 | 0.419779 | 0.782036 | 0.974612 | 0.874668 | 0.703305 | 1 | 0.968555 | 0.886443 | 0.929314 | 0.821052 | 0.981565 | 0.948993 | 0.534146 | 0.958154 |
| Unnamed: 27 | 0.870249 | 0.957662 | 0.905826 | 0.609775 | 0.670744 | 0.834864 | 0.912642 | 0.936318 | 0.928542 | 0.910375 | 0.948046 | 0.948135 | 0.927819 | 0.923205 | 0.946144 | 0.718748 | 0.802655 | 0.938639 | 0.734744 | 0.4797 | 0.866654 | 0.918733 | 0.884097 | 0.792392 | 0.968555 | 1 | 0.93514 | 0.966534 | 0.929396 | 0.995073 | 0.949749 | 0.665439 | 0.921068 |
| Unnamed: 28 | 0.886412 | 0.977865 | 0.99361 | 0.657698 | 0.833912 | 0.772987 | 0.863884 | 0.919537 | 0.901895 | 0.865117 | 0.96968 | 0.955472 | 0.922239 | 0.902635 | 0.977513 | 0.884814 | 0.785039 | 0.894241 | 0.897175 | 0.639655 | 0.961992 | 0.856497 | 0.944877 | 0.937059 | 0.886443 | 0.93514 | 1 | 0.992931 | 0.937567 | 0.940358 | 0.928748 | 0.84673 | 0.878212 |
| Unnamed: 29 | 0.891117 | 0.99155 | 0.977409 | 0.622296 | 0.780945 | 0.816273 | 0.906722 | 0.948608 | 0.934041 | 0.906383 | 0.983069 | 0.974803 | 0.94675 | 0.93636 | 0.987006 | 0.83015 | 0.791647 | 0.912057 | 0.843864 | 0.577372 | 0.934358 | 0.901038 | 0.935696 | 0.896088 | 0.929314 | 0.966534 | 0.992931 | 1 | 0.934631 | 0.972653 | 0.947556 | 0.785729 | 0.914181 |
| Unnamed: 30 | 0.836464 | 0.887692 | 0.941921 | 0.837487 | 0.835578 | 0.642943 | 0.730152 | 0.794327 | 0.773882 | 0.730246 | 0.866602 | 0.843388 | 0.798864 | 0.773949 | 0.877729 | 0.885791 | 0.765017 | 0.906159 | 0.891905 | 0.654526 | 0.954636 | 0.729756 | 0.875714 | 0.900899 | 0.821052 | 0.929396 | 0.937567 | 0.934631 | 1 | 0.900747 | 0.865871 | 0.857905 | 0.753369 |
| Unnamed: 31 | 0.874271 | 0.974439 | 0.907097 | 0.545915 | 0.652265 | 0.866891 | 0.94619 | 0.964745 | 0.958046 | 0.94466 | 0.968095 | 0.971424 | 0.954557 | 0.955142 | 0.964655 | 0.699971 | 0.795313 | 0.925023 | 0.718062 | 0.455618 | 0.853112 | 0.950235 | 0.889549 | 0.786315 | 0.981565 | 0.995073 | 0.940358 | 0.972653 | 0.900747 | 1 | 0.95864 | 0.644506 | 0.951257 |
| Unnamed: 32 | 0.921655 | 0.941335 | 0.89012 | 0.538177 | 0.678508 | 0.879356 | 0.912171 | 0.935906 | 0.918026 | 0.887914 | 0.927194 | 0.933931 | 0.942748 | 0.91722 | 0.928056 | 0.733508 | 0.875731 | 0.944739 | 0.750085 | 0.574536 | 0.849213 | 0.901289 | 0.92814 | 0.835949 | 0.948993 | 0.949749 | 0.928748 | 0.947556 | 0.865871 | 0.95864 | 1 | 0.687826 | 0.936971 |
| Unnamed: 33 | 0.726233 | 0.722306 | 0.88377 | 0.836808 | 0.938669 | 0.402705 | 0.475869 | 0.580533 | 0.542658 | 0.469112 | 0.697753 | 0.655954 | 0.614046 | 0.554389 | 0.723327 | 0.99221 | 0.64772 | 0.710454 | 0.988157 | 0.838128 | 0.925997 | 0.449633 | 0.810335 | 0.967522 | 0.534146 | 0.665439 | 0.84673 | 0.785729 | 0.857905 | 0.644506 | 0.687826 | 1 | 0.511076 |
| Unnamed: 34 | 0.796866 | 0.942673 | 0.827742 | 0.292791 | 0.501123 | 0.881226 | 0.966648 | 0.968211 | 0.969516 | 0.982815 | 0.951583 | 0.965466 | 0.944666 | 0.977339 | 0.944441 | 0.56976 | 0.709397 | 0.817604 | 0.597037 | 0.304931 | 0.735505 | 0.980683 | 0.81499 | 0.691554 | 0.958154 | 0.921068 | 0.878212 | 0.914181 | 0.753369 | 0.951257 | 0.936971 | 0.511076 | 1 |

| Measure | Columns | Correlation |
| --- | --- | --- |
| Highest correlation pair | Unnamed: 12 \| Unnamed: 16 | 0.999042 |
| Lowest correlation pair | Unnamed: 11 \| Unnamed: 21 | 0.247601 |

## Distribution Analysis

![Histograms](../figures/Botswana - Total number - totalnumber - Total (1)_histogram.png)

![Boxplots](../figures/Botswana - Total number - totalnumber - Total (1)_boxplot.png)

## Time-Series Diagnostics

Datetime columns detected: 0

- Time Series: Not generated

## Dataset-Specific Checks

Dataset-specific rule: No filename-specific rule matched

| Measure | Value |
| --- | --- |
| Dataset-specific checks generated | 0 |

## Pipeline Impact

| Measured Observation | Measured Value |
| --- | --- |
| Duplicate rows present | 4 |
| Missing values present | 213 |
| Dataset-specific rule applied | No filename-specific rule matched |

## Figures

| Figure | Saved File |
| --- | --- |
| Missing-value plot | Botswana - Total number - totalnumber - Total (1)_missing.png |
| Correlation heatmap | Botswana - Total number - totalnumber - Total (1)_correlation.png |
| Histograms | Botswana - Total number - totalnumber - Total (1)_histogram.png |
| Boxplots | Botswana - Total number - totalnumber - Total (1)_boxplot.png |
| Time-series plot | Not generated |

![Missing Values](../figures/Botswana - Total number - totalnumber - Total (1)_missing.png)

![Correlation Heatmap](../figures/Botswana - Total number - totalnumber - Total (1)_correlation.png)
